red: 1, 3, 5, 7, 9, 12, 14, 16, 18, 19, 21, 23, 25, 27, 30, 32, 34, 36
      2   2  2  2  3   2   2   2   1   2   2   2   2   3   2   2   2  
      [    4    ]  3 [    3    ]   1 [      4      ]   3 [     3     ]

black: 2, 4, 6, 8, 10, 11, 13, 15, 17, 20, 22, 24, 26, 28, 29, 31, 33, 35
        2   2  2  2   1   2   2   2   3   2   2   2   2   1   2   2   2  
        [     4     ] 1 [     3     ] 3 [       4       ] 1 [     3     ]

even: 2, 4, 6, 8, 10, 12, 14, 16, 18, 20, 22, 24, 26, 28, 30, 32, 34, 36
      b, b, b, b, b, r,    r,  r,  r,  b,  b,  b,  b,  b, r,  r,  r,  r
      [      5      ][      4      ]   [       5       ][      4      ]